iteration,play,play-1,make,make-1,include,include-1
1,0.21007620557453782,0.20939821358075317,0.13232923165720983,0.11134521790957048,0.17825395620148157,0.1585971750764471
2,0.16666314981262978,0.21836398927532513,0.1631565944859165,0.11970057198727826,0.15785139008236695,0.17426430435648338
3,0.174528162539985,0.22152711188554255,0.1667237543753431,0.11972803109195958,0.15150388535287942,0.16598905475429024
4,0.16732998877776847,0.2201676171143741,0.17182739795252241,0.12264235107090345,0.15093349720859564,0.1670991478758358
5,0.16555433422420854,0.21527997890320724,0.17858821878895687,0.12644698941713933,0.1507466426150186,0.1633838360514695
6,0.16516924792198392,0.21532592382267307,0.178554615498894,0.12710747016068671,0.1500287504839158,0.16381399211184644
7,0.16320079870243995,0.21242285408875292,0.18111038413161076,0.12846507333610696,0.15133434301013043,0.16346654673095898
8,0.16342596475691534,0.21229078716929425,0.18086753487303522,0.12887775651036917,0.15088262469913571,0.1636553319912504
9,0.16241807639617836,0.21110981598699444,0.1815836759122889,0.12920147074348717,0.15173958744981672,0.1639473735112343
10,0.1625142028914397,0.21095289911541976,0.18144186065942605,0.12941654487804072,0.15158083398387945,0.16409365847179427
11,0.16208347833394415,0.21050267902876232,0.1816225843672865,0.12948914004490686,0.15197911425476382,0.16432300397033636
12,0.16209891436342236,0.21040455405753056,0.1815492627514354,0.12958043193995977,0.15194403567151687,0.16442280121613506
13,0.1619256235957342,0.21023110908979867,0.18159134522139894,0.12960014704673034,0.15210911248864498,0.16454266255769284
14,0.16191929630049853,0.21018054564938612,0.18155710179029627,0.12963589557306196,0.15210863806402536,0.16459852262273172
15,0.1618508449479464,0.21011223735479903,0.1815653989364175,0.12964315452426842,0.15217433998409308,0.16465402425247566
16,0.16184316140309768,0.2100880664558056,0.18155059543087523,0.12965695363471663,0.15217942627426456,0.16468179680124026
17,0.1618161533008007,0.21006064470939864,0.18155144857338065,0.12966020269639003,0.15220530124671536,0.16470624947331466
18,0.16181112249641222,0.21004947896189027,0.1815453480949714,0.12966559794218124,0.15220927030494358,0.16471918219960135
19,0.16180039520267034,0.2100383024882376,0.18154495619145575,0.12966714254260134,0.15221948871055913,0.16472971486447585
20,0.161797652705769,0.21003324923408398,0.18154248952506652,0.12966928490753712,0.15222178471157932,0.16473553891596393
21,0.1617933584272059,0.21002864640528424,0.1815421016884462,0.129670017492548,0.15222584777751957,0.16474002820899608
22,0.16179198093538139,0.210026377680359,0.18154112303384598,0.1296708880440584,0.15222703284884492,0.16474259745751024
23,0.16179024769323716,0.21002446568026645,0.18154089342012478,0.12967123264309824,0.1522286602959177,0.16474450026735554
24,0.16178959026755627,0.21002346294679558,0.18154049960789895,0.12967158618683433,0.15222923600990765,0.1647456249810073
25,0.1617888779130706,0.21002266010841206,0.18154037666185494,0.12967174144787819,0.15222990239224932,0.16474644147653483
26,0.16178857798901566,0.21002222250094812,0.1815402138286704,0.12967188810649996,0.15223016692847977,0.16474693064638604
27,0.1617882807279048,0.2100218794554892,0.18154016031508416,0.12967196021640312,0.15223044307227407,0.16474727621284466
28,0.16178814989998844,0.21002169397314904,0.18154009137846794,0.1296720190809047,0.1522305599238899,0.1647474857436
29,0.1617880287417728,0.2100215476959747,0.18154007055630272,0.12967205344002863,0.1522306716915336,0.16474762787438757
30,0.16178796974327198,0.21002146559400417,0.18154004527017015,0.12967207893866667,0.1522307244570304,0.16474771599685661
31,0.16178791681036586,0.21002140225894025,0.18154003449130332,0.129672092516771,0.15223077419277328,0.16474777972984628
32,0.16178789032451954,0.2100213666899485,0.1815400227724417,0.12967210293265147,0.15223079807056103,0.1647478192098777
33,0.16178786793907973,0.21002134232598063,0.18154001416892573,0.12967210775809754,0.1522308186022166,0.16474784920569968
