iteration,cite,co_author,publishedat,writtenby,relevant,cite-1,publishedat-1,writtenby-1,relevant-1
1,0.11458454006636329,0.09061780133251826,0.09061780133251826,0.09061780133251826,0.09061780133251826,0.1662079758712899,0.09082524048116496,0.17270575983712577,0.09320527841398304
2,0.09293507721410103,0.08880153200068616,0.22001334074464846,0.08848711669701458,0.12294323038531435,0.11190555964102163,0.08798213679188668,0.09818897535245419,0.08874303117287305
3,0.09264915530688539,0.0801796009987276,0.22698650254268282,0.08051740763455206,0.11663135441621246,0.12315339517266187,0.07972232289140019,0.11800985316692232,0.08215040786995531
4,0.07112695409785978,0.06738571879208685,0.372575470802599,0.06803771413892257,0.1251860388550046,0.08599083670871893,0.06746008892483892,0.07440250852376884,0.06783466915620051
5,0.06858309952243463,0.059014983409733136,0.39993506489822056,0.06003491282139974,0.1147620508115608,0.09041177874920517,0.05948799311524324,0.08696420355261567,0.06080591311958721
6,0.04963326886557984,0.046371121207184035,0.5368490501763612,0.047409720841901135,0.11003891875921769,0.062246328047201906,0.04812523620061059,0.05214789946090349,0.047178456441039934
7,0.0462121988745822,0.039325700435324636,0.5719717876292033,0.040499135701212316,0.0981776473282443,0.06311933659365034,0.04176510396959407,0.05799729377351337,0.040931795694675574
8,0.032287775220353046,0.029752875967747998,0.6761338058302785,0.03079171867192743,0.08990417443797878,0.04268629257235158,0.033850909602456895,0.033819881102827166,0.030772566594078715
9,0.029386262689345043,0.024710906858436667,0.7058996056759234,0.02576380507482744,0.0793231703793129,0.0424013054521734,0.029882273674015435,0.036450456788651574,0.026182213407314255
10,0.020157556378366182,0.01828893970020169,0.776123361404107,0.019171651518408335,0.07159879347937861,0.028707430087048378,0.025627057357905773,0.02094403682897672,0.019381173245607355
11,0.01831636342712003,0.015125792525962046,0.7944557419954088,0.015988256948406554,0.06434729405825829,0.028543792461802654,0.02441168858902757,0.022346662563366104,0.01646440743064788
12,0.012409777963876463,0.010930876007771661,0.8402900462289644,0.01163540533589214,0.05776221809251338,0.019453933129719235,0.022852409639854437,0.012636804086966411,0.012028529514442011
13,0.01117387168265701,0.00892562575578263,0.851449739911725,0.009592140256927105,0.052873084792278924,0.019462642752961536,0.023117059362626768,0.013243499861127491,0.010162335623913494
14,0.007545271564487964,0.006404060078382091,0.8778105095343623,0.006939290689438209,0.04827263585540767,0.013783392523191218,0.0242488008780782,0.007499858358971034,0.007496180517681412
15,0.006779107659046459,0.0051635346765534305,0.8846705564440484,0.005651305464945059,0.04460714618076915,0.013866392381125659,0.025238528687654648,0.007722369672062629,0.006301058833794472
16,0.004553970911570188,0.0035703126070076585,0.9034430297331062,0.003946827778239972,0.039916886012884116,0.010301955820763743,0.02546642555089611,0.004242553555792145,0.004558038029739878
17,0.004134739349549342,0.00284727983177505,0.9081858229995725,0.0031802877818077825,0.03698608255106844,0.010284951844554571,0.02624946797059637,0.004289267423665283,0.003842100247410653
18,0.0029051320725293713,0.001986149210517147,0.9177949756117239,0.002243634423261356,0.03401428187939396,0.008224501529107715,0.02754039874481014,0.002399336340768378,0.002891590187888137
19,0.0026412228096803323,0.0015670658108675334,0.9205471068215302,0.0017881125700163949,0.031682228927810654,0.008338407219779092,0.028600331883171435,0.0023843775940058398,0.002451146363138376
20,0.0019515360888376703,0.0010704544252186287,0.9265568504171382,0.0012366945213670762,0.02883129155695695,0.007330987508224771,0.02982730781929424,0.0013184237480780227,0.0018764539148845073
21,0.0018515979745649658,8.311750769372786E-4,0.9266521838403982,9.706532028106741E-4,0.02751644988233174,0.007616803973038931,0.031655231237460855,0.0012797751190565425,0.0016261296934007097
22,0.001482055302977057,5.625278028750925E-4,0.9300208462346327,6.658199251506744E-4,0.02523347354524256,0.007181156885472939,0.03285363523736303,7.084692791701346E-4,0.0012920157871160545
23,0.001434982081855837,4.3175842539032016E-4,0.9311633013472727,5.159855119439757E-4,0.023663820427413152,0.007533807086504241,0.03345427100879617,6.720685645585332E-4,0.001130005546265279
24,0.0012474170023420866,2.915525838360773E-4,0.9331153826933462,3.533685594063551E-4,0.021835024787657503,0.0073742075736896,0.034469814904186956,3.749076560158563E-4,9.383242395194749E-4
25,0.0012358651046962693,2.2244008820549772E-4,0.9337375237567112,2.7214304152778303E-4,0.02052191153926132,0.007653948525727917,0.03516821287589654,3.501482991807473E-4,8.378067687927476E-4
26,0.0011528948665531493,1.500121924571804E-4,0.9346945102824322,1.8626704895492854E-4,0.01904982989106275,0.0077057888561386945,0.036139781488452524,1.970913250768429E-4,7.238240488717272E-4
27,NaN,NaN,NaN,NaN,NaN,NaN,NaN,NaN,NaN
